444044 4444440400. 399

2, 302. - 44 quii 444 0444404444 2, 200004004044000444404040044808.
402. 444444 (Romanus) pro 0004404004 oui
editior 0444804 «superior» 2, 04. 44044004 2, 480. 028. 748. ·- 4904·-
48004044 4, 800. 444 9404444904 2, 742.
40440444 (rus) 2, 282. ·- 44400444 4000- modroni 4444444004 mm ωη-
00444 2, 744. 4444 2, 770.
offerre laudibus 00 caelum 2, 470. equina cauda 2, 808.
efficax Hercules ⁴, 004. equitando 440404, 848. -494444044
4999444 40040, coroa 2, 442. 444 0444434444 404490 2, 204.
49449444 44 2, 808. Equus 04 0444444 2, 484, - 49444444
effutire 2, 744. 9409444 2, 407. - mm 94444444
490 meique cum verbo num. 4409. 4, 330. ·- 4904 44490044 4, 240. -
2, 324. - 490 vero 2, 403. 094444 04844 praecum 2, 482.
49449404 004404· 4, 4849Ι eradere 44444 4, 480.
440 2, 6. 343. 4440404 2, 383.
44040440 000 0444444 4, 702. 4494440444 2, 37.
4404 2, 323. 44904,480.-449040049040042,222.
44080νο44 dulcem 40904440 4, 330. mpero 08 -- 4, 880.
44044044 2, 808. erro (servus) 2, 340.
44494 2. 003. 704. - 44494 miserabiles 440404 0444444 2, 808.
4, 480. omero 2, 72.
4440444 4444044 morbum 2, 047. - oro ei 444404 4444040480οω peri.
4440440044 dicta [0404 2, 430. ind. 3. 94. 942, 023 449. -0444444 94- ,
244440 longae syllabae 0044 brevem 00444400 004449404,000.2,478.424.
2, 483. omum 2, 827.
24400044 usus 2, 243. 4440 04494440 2, 444. - 4440 9044 (444-
aiamim [4444 2, 738. quem) 4, 408. ·- 444 «iam, ’ἆξε-
andnemi, 080. -44, 440442, 474. στιν» 4, 730. 2, 808. - 444, 4444,
440444 cvras 04 vino 4, 007. 384. 2, 482. ·· 444094404944440444
4404404 2, 280. 2, 083. - 444 904 cum 4004044440
000000440044494. 2,4740444404.-444ο4.444.

. 40444444 09444 fruminium 2, 437. 388. 047.

40444444 004400 2, 228. 444400 2, 080.
mnirari 4, 44. 44 40044οω4040 moro 90449044οι40 4,
4444444444 librum 2, 084. - 4444444444 204. 2, 88.- 4400442, 484. -· 44-
04404404 2, 883. quo-quei, 08. - oetam 2, 408.
4444044 4, 470. - 44 terminatio 0040 vocalem 940-
44000444 cuipas, 0404844444 4, 028. - ducta 4, 80. 244. 283. 374.
44000444 loco 2, 004, otiam «40409444 2, 828. - 4440444
0444009444 (aliquem) 2, 743. - omn· «4404» 2, 240.
440440444208. 444044,320.
Ἓν διὰ 80040 2, 444. 4004440444 2, 082.
4440049044 4, 280. 400444 2, 338 sq.
4040404 004 arando 2, 404 sq. Ι 4040404 2, 724.
444 490 2, 0. 4444000444, 284. - 4040444404402,264,
enim tertio enuntiationis 4000 2, 844. nactus 2, 000 sq.
40444 4, 380. mmm 444444 4004444444 4, 483. -
49449940 2, 843. 4004000 de 908444 2, 870. - aa·
Epilogi iocosi 2, 040. 782. men (44 servis 4, 088.
29440440 ornantia 4. 9084404 4, 407. &animm 90444444 4, 303.
2, 820. 0000444044 440440 4, 074.

 

