868 mom

mamere (64) 4444444 9, 74. mmm 44444444 de vinis 444463
πείρα-44446444 venatoriam 9, 336. 9, 366.

- 4444444444 aprum 4,499. - 44- 4444464444444444,993. -444444

444444 44444444, 4444444 de domino 4449, 667.-444444444444449,634.

mancipium vendente 9, 949 sq. 4444444444 9, 436.

647. - empto, 4446 oet. 9, 464. amre verbum medium 9, 496.
emim mortuos 4, 746. 4444444444, 44 9, 964.

444444 9, 399. 4444444444 9, 663.

44444444 laborem, morbum 9, 469. 44444644 4444444 9, 646.

44444444 (puellam) 4, 494 sq. 4444446444 9, 999.

amplat· 44444 9, 769.

444444444444 4444446669. -4444- {aba 9, 644. - 44644 44449444 444·

4444 memm- 9, 499. 444444 9, 646.

4444444444 Noto 944444 4, 699. [49444444 44 4444444444 9, 69.
mmmmm 4,673. 44644444 4444, 44444796. 9699.-
4444444 444444,499.-4444444444- 4464444 14444 4, 39. - 4444444

6144444449.- amiam 44444· 4444444444, 4444444 9, 764 44.

monetam, 4444, mmm 4, 646. - [44444444 4, 439.

4444444 444444 4, 693. 444444 significatione generali 9, 43.
mamuchan. 9, 444. -44444444444444449,649.-4444
44444444 curas 4, 499. facim? 9, 663. - [4444444444-
44444 «44644» 9, 667. 694. - 44444 mian-{amantium

4444.) 4, 669Ι 4444444 9, 99. - 44444444 (6444464
mitium cum 644444 44 genitivo 4, 99. genus) 9, 476.
expauescere cum accusativo 9, 449. 4444444 mmm 4, 969. - facilis 44-
444464444,663.-44446444,964.- 4444449.

4444464444 maminotus» 4, 679. - 4444446449, 696. - {amiam

4444494444 44444 4, 439. 9, 736. -444444644444444449939,
4444444444 44446444 9, 669. 44444644 (λόγιος) 4, 66.

44444444 444 9, 647. 4444444 Coa 9, 999. 364.
mm 4444. {aa 4, 444. - [mmmm 4
apem 944444 9, 644. - 444444444- siccam) 4, 433. - [4444444 444 4

44444 4, 964. poma 9, 764.
mucan 44444 4, 699. - mucan 444444 4,394. ¹

[roam 9, 996. - 4444444444 «pm- 4444444 datore» 4, 433. 9, 636. 644. 4

ficem· 9, 966. 669. - 444 eqo 444444 9, 996. 4
4444444444444444444444449449639. 4444 4, 669. -44444 ml, 474. 1
444449,699.-44449,393. -44444444464449,63.

44444444 montinum 9, 676. Fama 644 4, 993 sq. 4
mecm capiti mmm 4, 44. sm 44444 am 4, 444. 4
4444444444 significatione 4444444 444- tames 4444444 4, 499. - [mm 4

6444 4, 799. 739. pollere 9, 96.

4444444444 «epotare» 4, 479. 44444444 64 philosophorum 444944
milium 4, 939. 379. conf. 644444. ,
4444444444 4, 464. 4444444444 44444444 9, 679. - ΙΝ
444444 9, 694. vm 9, 999.

4444444444 44 444444 44444444 4, 934. 4444444444 mor 9, 799.
444444444444444,673. [44444444444444444444644944
44446444 444444 9, 479. 44444 4, 474.

44444 cum genitivo 4, 399 sq. 444444 9, 969.

4444444444 4, 449. sm 44444444 4, 699. 633.

 

