030 mosa

44044441 aspicerentur» 2, 660. - 4444- oblinam, 042. - 044440 contum

4414 arna, 4040 ceratam. 2, 374. - 444444 04044 4, 476. -

04040004004400444442,064.-4444· wermonon-marae j

404 0444444 2, ota. ponere 4, 204.

nan 40440 2, 296. 004444 «noae» 04404 infinitivo 4, 304. ξ

Nympharum habitos 4, 0. 0040444 04 indignatione 2, 663.
0004044 4004444 4, teo.
060414 10 verbis 004440400266. Ι 0004442, 641. - 0410444 04 444414
0004400444 4, 646. magicis 4, 730.
0000440 frona 4, 714. oenophorum 2, 420.
00004044 2, 298. 00404444 4, 722 sq.
00444044 eirardo 2, 766. 0014444444 2, 313 sq. - officinm 40444·
00444444 440040 4, 666. 444404 2, 666. - officiosa [04444 2,
004444044 2, 760. 643. - officia 2, 034.
40440040 0004 4, 260. 004 4004 2, 307.
oblimare rem 004444 2, 33. aterna t'enasrannnr 2, 367.
00440004 040404 2, 642. κ 0014044444 044444 4, 602. - alirn 40 noetis 44
aonia 44404 4, too. exemptis 4, 643. 2, 7. 23000. 323
0044404 (vestimentis splendidis) 04404 364. 462.
2, 032. alitor 2, 666.
0000404040 Mnesterem 4, 260. 01400 Venafrano 2, 286.
00440444 40401044 41 4040 dativo 2, 0440440 4, 60.

767. 040444 (Venonis) 4, 603. - 010444 ’

obruere venias 1, at. 00400444 4, 624.
0044044404 anos 4, 664. - 0044040400 0404 hominum pauperiorum aibns

400040 2, 436. 2304. 332. 424. 642.

0044444 44 00444404 2, 466 sq. 0400404444 44 0404404404 4, 2.
obscurato 0400004440 400000402, 664. 0400444444 2, 200. 624.

00440404 04 14040104 2, 667. 004044 40 004 44440 2146370,
0040444οε 40404004 4, 702. - 004044- ’000404044440 4, 430. 2, 300. 607.

4004 4444004 4, 264. ’ 740. 720.

004040444 2, 263. 361. 0004 04 vose unguentoria 4, 006.
00400040 40004 2, 300. 004404 04444400 2, 636.
0044440444 obsolute 4, 647. ·- 00- 00440404 4, 427,

strepere 00404414,649. - 004444- opertas 44 0044404 2, 640.

0444 04 tontibus 4, 064. 0044 040 004 2, 464. 006. - 0044
00444404· atque 0044440 2, 466 40. (ingenii) 2, 767. - 0044 stude-e
00404444 aaron 2, 662. 04 poeta 2, 606. - inter 0044
044044 2, 670. 10004 4, 437. - Ci. 004.
0444444044 2, 624. 0040444104144442,626. -· 0040440
04440444 «4044144440 reddere» 2, 006. 4440040404 4, 660. - 0044440 ta·

— 04440444 1404000 2, 766. 44440, Sardinia 4, 470.

04400044 2, 440. 430. tos. — 0440- 00040444 2, 404.

0044 «possidere» 4, 76. - 0440- 0004404444410404444004 0440004442,

0044 «obrepere» 04 senectute 2, 260,

666. —- occupare 004440 2, 224. - opprobria 000444 2, 620.

04400044 nomen 4, 692. ’- 0440- 004 040 004040 2, 36. -0040400440

pare 0044040 4, 66. - 04400044 2, 473 40. - ci. opes.

cum infinitivo 4, 280. 00440040 4000004444 2, 062.

04404444 2, 264. 0004444044 2, 624.
040404 4044404404 4, 220. - 04444444 opor: 0044441402740.

 

